-28986
-28257
-27275
-26055
-24617
-22985
-21186
-19249
-17207
-15093
-12944
-10794
-8678
-6634
-4693
-2889
-1251
193
1422
2413
3153
3628
3833
3764
3425
2821
1966
873
-435
-1937
-3605
-5410
-7319
-9299
-11313
-13327
-15305
-17212
-19013
-20677
-22174
-23477
-24562
-25410
-26004
-26333
-26391
-26174
-25685
-24932
-23925
-22681
-21219
-19563
-17740
-15779
-13714
-11577
-9404
-7231
-5093
-3025
-1062
764
2424
3891
5142
6155
6916
7414
7640
7592
7274
6691
5856
4784
3495
2013
365
-1419
-3308
-5268
-7263
-9258
-11217
-13105
-14888
-16533
-18012
-19296
-20364
-21194
-21770
-22082
-22122
-21889
-21383
-20613
-19590
-18329
-16851
-15179
-13340
-11365
-9284
-7132
-4944
-2756
-603
1478
3455
5296
6970
8451
9715
10742
11516
12026
12264
12229
11923
11353
10529
9469
8192
6721
5084
3310
1431
-517
-2502
-4487
-6436
-8315
-10088
-11724
-13194
-14470
-15528
-16350
-16918
-17222
-17255
-17014
-16501
-15724
-14693
-13426
-11941
-10263
-8418
-6437
-4350
-2193